 Pulsar     PTA      raw_Tobs  mf_Tobs  TOAerr   cadence      FoM   
J0023+0923 NANOGrav      2.30     2.30     1.85    30.03     0.89
J0030+0451 EPTA         15.07    15.07     2.68     7.80     2.44
J0030+0451 NANOGrav     15.07     8.77     1.42    53.40     1.73
J0034-0534 EPTA         13.51    13.51     4.92    30.47     1.72
J0218+4232 EPTA         17.57    17.57     7.25     8.27     2.08
J0340+4130 NANOGrav      1.68     1.68     5.12    14.98     0.65
J0437-4715 PPTA         18.58    18.58     0.14     6.70     5.44
J0610-2100 EPTA          6.90     6.90     4.99    10.08     1.39
J0613-0200 PPTA         16.05    11.20     1.08    14.67     2.41
J0613-0200 EPTA         16.05    16.05     1.89     6.96     2.77
J0613-0200 NANOGrav     16.05     8.59     1.09    20.78     2.03
J0621+1002 EPTA         11.77    11.77     7.63     8.77     1.67
J0645+5158 NANOGrav      2.42     2.42     0.98    19.18     1.11
J0711-6830 PPTA         17.10    17.10     1.77    22.96     2.52
J0751+1807 EPTA         17.61    17.61     2.93    10.63     2.49
J0900-3144 EPTA          6.86     6.86     3.21     3.82     1.72
J0931-1902 NANOGrav      0.64     0.64     4.49    14.71     0.42
J1012+5307 EPTA         16.83    16.83     1.72     7.42     2.87
J1012+5307 NANOGrav     16.83     9.22     2.18    19.59     1.80
J1022+1001 PPTA         17.54     8.13     1.01    11.37     2.15
J1022+1001 EPTA         17.54    17.54     1.65    11.10     2.83
J1024-0719 PPTA         18.20    15.06     2.19    20.45     2.29
J1024-0719 EPTA         18.20    17.26     2.09    13.65     2.59
J1024-0719 NANOGrav     18.20     4.02     2.44    18.12     1.17
J1045-4509 PPTA         17.01    17.01     3.39    20.99     2.19
J1455-3330 EPTA          9.68     9.25     3.56     7.71     1.79
J1455-3330 NANOGrav      9.68     9.22     4.46    23.56     1.49
J1600-3053 PPTA         12.30     9.08     0.64    11.76     2.52
J1600-3053 EPTA         12.30     7.66     0.50     6.63     2.61
J1600-3053 NANOGrav     12.30     5.98     1.08    16.55     1.74
J1603-7202 PPTA         15.31    15.31     1.45    23.60     2.49
J1614-2230 NANOGrav      5.09     5.09     1.58    18.61     1.45
J1640+2224 EPTA         17.25    17.25     2.47    14.32     2.48
J1640+2224 NANOGrav     17.25     8.91     0.61    47.85     2.14
J1643-1224 PPTA         20.14    16.97     1.28    23.83     2.70
J1643-1224 EPTA         20.14    17.30     1.62    10.38     2.84
J1643-1224 NANOGrav     20.14     9.02     1.85    20.59     1.84
J1713+0747 PPTA         22.46    20.89     0.19    19.61     4.78
J1713+0747 EPTA         22.46    17.66     0.24     7.63     4.62
J1713+0747 NANOGrav     22.46    21.22     0.24    18.36     4.56
J1721-2457 EPTA         12.76    12.76    10.69    31.93     1.39
J1730-2304 PPTA         20.28    16.91     1.44    29.14     2.56
J1730-2304 EPTA         20.28    16.69     2.30    24.19     2.33
J1732-5049 PPTA          8.04     8.04     3.05    21.90     1.53
J1738+0333 EPTA          7.33     7.33     3.67    19.83     1.42
J1738+0333 NANOGrav      7.33     3.99     1.82    50.21     1.11
J1741+1351 NANOGrav      4.25     4.25     0.66    37.85     1.49
J1744-1134 PPTA         19.88    19.88     0.40    20.69     3.89
J1744-1134 EPTA         19.88    17.25     0.54    15.22     3.50
J1744-1134 NANOGrav     19.88     9.23     0.61    20.67     2.40
J1747-4036 NANOGrav      1.67     1.67     4.18    14.86     0.68
J1751-2857 EPTA          8.31     8.31     2.62    21.53     1.62
J1801-1417 EPTA          7.05     7.05     2.44    20.77     1.52
J1802-2124 EPTA          7.24     7.24     3.00    26.17     1.43
J1804-2717 EPTA          8.38     8.38     4.02    27.09     1.44
J1824-2452APPTA          5.65     5.65     0.67    16.25     1.89
J1832-0836 NANOGrav      0.63     0.63     2.07    12.86     0.50
J1843-1113 EPTA         10.06    10.06     1.25    17.92     2.16
J1853+1303 EPTA          8.40     8.40     2.48    30.97     1.58
J1853+1303 NANOGrav      8.40     5.60     1.61    40.93     1.38
J1857+0943 PPTA         28.32     6.93     1.44    14.81     1.77
J1857+0943 EPTA         28.32    17.31     1.65    16.42     2.68
J1857+0943 NANOGrav     28.32    27.82     0.78    43.24     3.62
J1903+0327 NANOGrav      3.99     3.99     1.87    38.32     1.13
J1909-3744 PPTA         10.82    10.82     0.11    10.24     4.20
J1909-3744 EPTA         10.82     9.38     0.12     9.57     3.82
J1909-3744 NANOGrav     10.82     9.05     0.26    19.12     2.92
J1910+1256 EPTA          9.47     8.49     2.59    28.21     1.59
J1910+1256 NANOGrav      9.47     8.84     1.36    42.48     1.80
J1911+1347 EPTA          7.48     7.48     1.29    20.09     1.82
J1911-1114 EPTA          8.79     8.79     4.92    24.90     1.42
J1918-0642 EPTA         12.80    12.80     2.05    18.47     2.17
J1918-0642 NANOGrav     12.80     9.02     2.34    19.38     1.75
J1923+2515 NANOGrav      2.20     2.20     2.40    33.45     0.81
J1939+2134 PPTA         29.44    15.50     0.08    31.28     4.76
J1939+2134 EPTA         29.44    24.15     0.14     6.25     6.25
J1939+2134 NANOGrav     29.44    28.94     0.05    24.87     7.49
J1944+0907 NANOGrav      5.71     5.71     2.23    43.46     1.29
J1949+3106 NANOGrav      1.25     1.25     4.87    21.66     0.54
J1955+2908 EPTA          8.13     8.13     7.85    19.79     1.26
J1955+2908 NANOGrav      8.13     7.25     2.89    51.90     1.34
J2010-1323 EPTA          7.38     7.38     1.98     8.07     1.82
J2010-1323 NANOGrav      7.38     4.08     2.68    14.76     1.18
J2017+0603 NANOGrav      1.67     1.67     0.91    22.57     0.92
J2019+2425 EPTA          9.14     9.14    11.89    26.49     1.17
J2033+1734 EPTA          7.92     7.92    15.28    15.30     1.09
J2043+1711 NANOGrav      2.28     2.28     0.65    23.82     1.16
J2124-3358 PPTA         20.00    16.78     2.48    17.66     2.39
J2124-3358 EPTA         20.00     9.39     3.05     7.55     1.88
J2129-5721 PPTA         15.42    15.42     1.46    25.36     2.48
J2145-0750 PPTA         19.83    16.70     1.04    20.00     2.87
J2145-0750 EPTA         19.83    17.52     1.26    10.87     3.02
J2145-0750 NANOGrav     19.83     9.09     1.52    27.43     1.87
J2214+3000 NANOGrav      2.07     2.07     1.93    27.96     0.84
J2229+2643 EPTA          8.23     8.23     4.36    10.89     1.55
J2302+4442 NANOGrav      1.68     1.68     6.43    14.63     0.62
J2317+1439 EPTA         17.35    17.35     3.04    14.08     2.37
J2317+1439 NANOGrav     17.35     8.88     0.65    40.54     2.15
J2322+2057 EPTA          7.89     7.89     6.07    13.73     1.37
